---
assets/img/logos/favicon-16x16.png: 2019-04-15 13:59:45.023511890 -07:00
assets/img/logos/favicon-32x32.png: 2019-04-15 13:59:45.088157922 -07:00
assets/img/black-holes/simulation.jpg: 2019-04-25 16:45:33.047517993 -07:00
assets/img/style-test/golden-gate.jpg: 2019-04-25 16:45:44.493845229 -07:00
